0 ,200 ,191 ,136 ,119 ,114 ,176 ,147 ,120 ,186 ,127 ,114 ,199 ,205 ,164 ,126 ,116 ,176 ,127 ,205 ,151 ,178 ,147 ,154 ,166 ,216 ,167 ,131 ,111 ,147 ,219 ,162 ,110 ,198 ,213 ,149 ,160 ,191 ,193 ,170 ,201 ,212 ,212 ,128 ,187 ,177 ,207 ,115 ,137 ,156 ,111 ,162 ,193 ,215 ,175 ,134 ,187 ,122 ,170 ,171 ,118 ,111 ,128 ,207 ,123 ,178 ,185 ,204 ,192 ,190 ,160 ,183 ,178 ,181 ,208 ,198 ,139 ,161 ,224 ,166 ,120 ,213 ,212 ,216 ,217 ,128 ,157 ,224 ,176 ,132 ,186 ,146 ,153 ,134 ,212 ,141 ,201 ,213 ,181 ,197
200 ,0 ,139 ,153 ,117 ,153 ,183 ,142 ,117 ,220 ,156 ,157 ,160 ,166 ,195 ,132 ,153 ,120 ,121 ,135 ,189 ,150 ,216 ,219 ,202 ,130 ,203 ,202 ,134 ,186 ,210 ,175 ,172 ,198 ,180 ,206 ,110 ,146 ,141 ,117 ,207 ,188 ,164 ,155 ,198 ,134 ,159 ,193 ,217 ,164 ,149 ,196 ,156 ,190 ,224 ,165 ,182 ,161 ,151 ,145 ,127 ,154 ,175 ,205 ,121 ,228 ,129 ,132 ,176 ,145 ,185 ,146 ,155 ,149 ,201 ,149 ,132 ,188 ,110 ,181 ,113 ,115 ,168 ,163 ,147 ,203 ,180 ,111 ,186 ,168 ,208 ,193 ,138 ,192 ,175 ,175 ,137 ,178 ,141 ,182
191 ,139 ,0 ,228 ,117 ,190 ,155 ,143 ,189 ,182 ,219 ,110 ,149 ,193 ,177 ,117 ,193 ,113 ,159 ,134 ,138 ,212 ,227 ,219 ,224 ,180 ,221 ,164 ,200 ,152 ,201 ,204 ,133 ,178 ,157 ,205 ,157 ,201 ,225 ,196 ,154 ,215 ,188 ,128 ,200 ,164 ,158 ,119 ,200 ,222 ,205 ,199 ,149 ,145 ,138 ,184 ,184 ,145 ,179 ,227 ,130 ,181 ,183 ,159 ,213 ,119 ,156 ,194 ,169 ,153 ,179 ,227 ,130 ,145 ,230 ,118 ,171 ,198 ,194 ,111 ,209 ,166 ,167 ,142 ,204 ,168 ,152 ,168 ,126 ,188 ,121 ,207 ,202 ,190 ,138 ,111 ,156 ,220 ,133 ,155
136 ,153 ,228 ,0 ,141 ,148 ,219 ,159 ,157 ,218 ,220 ,204 ,175 ,211 ,136 ,228 ,161 ,144 ,225 ,181 ,188 ,221 ,159 ,129 ,220 ,176 ,203 ,159 ,146 ,115 ,184 ,154 ,192 ,142 ,113 ,208 ,168 ,114 ,126 ,183 ,154 ,150 ,125 ,141 ,194 ,209 ,225 ,218 ,132 ,158 ,131 ,206 ,213 ,212 ,227 ,123 ,224 ,177 ,210 ,145 ,117 ,153 ,143 ,186 ,215 ,123 ,178 ,229 ,215 ,133 ,204 ,165 ,143 ,150 ,165 ,166 ,188 ,201 ,157 ,196 ,189 ,188 ,129 ,208 ,190 ,178 ,126 ,216 ,222 ,195 ,191 ,155 ,225 ,143 ,166 ,114 ,197 ,169 ,136 ,217
119 ,117 ,117 ,141 ,0 ,184 ,136 ,122 ,155 ,214 ,205 ,173 ,166 ,181 ,201 ,172 ,217 ,167 ,221 ,223 ,121 ,131 ,199 ,141 ,142 ,224 ,191 ,183 ,200 ,208 ,126 ,208 ,193 ,217 ,121 ,134 ,188 ,181 ,222 ,138 ,211 ,197 ,166 ,142 ,125 ,218 ,203 ,224 ,191 ,213 ,145 ,131 ,199 ,226 ,183 ,217 ,121 ,185 ,133 ,216 ,131 ,224 ,138 ,127 ,122 ,110 ,229 ,143 ,158 ,116 ,148 ,227 ,155 ,150 ,153 ,143 ,223 ,226 ,227 ,141 ,113 ,222 ,111 ,169 ,204 ,119 ,160 ,143 ,187 ,206 ,177 ,196 ,209 ,192 ,211 ,183 ,155 ,132 ,229 ,178
114 ,153 ,190 ,148 ,184 ,0 ,170 ,163 ,156 ,120 ,138 ,163 ,227 ,154 ,126 ,230 ,136 ,192 ,141 ,189 ,158 ,143 ,122 ,146 ,200 ,180 ,230 ,183 ,207 ,185 ,160 ,224 ,127 ,122 ,229 ,218 ,157 ,210 ,114 ,200 ,218 ,187 ,141 ,186 ,185 ,142 ,209 ,148 ,159 ,124 ,121 ,129 ,173 ,123 ,211 ,165 ,166 ,160 ,188 ,123 ,160 ,176 ,197 ,121 ,180 ,134 ,225 ,121 ,208 ,209 ,149 ,131 ,215 ,161 ,131 ,205 ,113 ,112 ,158 ,200 ,209 ,226 ,123 ,217 ,137 ,224 ,174 ,149 ,158 ,120 ,160 ,172 ,220 ,117 ,124 ,112 ,227 ,178 ,210 ,186
176 ,183 ,155 ,219 ,136 ,170 ,0 ,206 ,143 ,173 ,114 ,218 ,110 ,110 ,169 ,211 ,198 ,134 ,227 ,172 ,154 ,164 ,146 ,216 ,225 ,198 ,172 ,147 ,227 ,196 ,137 ,203 ,143 ,174 ,204 ,176 ,133 ,168 ,148 ,212 ,131 ,164 ,210 ,120 ,198 ,204 ,215 ,215 ,184 ,204 ,227 ,225 ,154 ,123 ,195 ,150 ,151 ,133 ,112 ,165 ,133 ,114 ,149 ,203 ,229 ,116 ,206 ,187 ,168 ,155 ,124 ,113 ,211 ,178 ,189 ,193 ,125 ,115 ,194 ,148 ,147 ,176 ,226 ,140 ,167 ,144 ,202 ,228 ,166 ,157 ,191 ,114 ,160 ,142 ,224 ,197 ,171 ,200 ,125 ,176
147 ,142 ,143 ,159 ,122 ,163 ,206 ,0 ,136 ,132 ,230 ,195 ,223 ,203 ,138 ,144 ,166 ,194 ,179 ,150 ,149 ,158 ,148 ,125 ,121 ,164 ,215 ,140 ,199 ,198 ,202 ,140 ,134 ,134 ,179 ,149 ,193 ,113 ,208 ,202 ,175 ,143 ,214 ,163 ,148 ,215 ,217 ,212 ,208 ,136 ,140 ,128 ,189 ,119 ,118 ,182 ,193 ,152 ,126 ,224 ,202 ,152 ,171 ,190 ,163 ,132 ,227 ,221 ,111 ,207 ,186 ,131 ,141 ,223 ,183 ,115 ,147 ,127 ,116 ,218 ,205 ,191 ,110 ,118 ,214 ,214 ,124 ,177 ,199 ,151 ,144 ,164 ,139 ,139 ,187 ,194 ,181 ,164 ,126 ,122
120 ,117 ,189 ,157 ,155 ,156 ,143 ,136 ,0 ,155 ,139 ,143 ,211 ,199 ,222 ,168 ,170 ,164 ,167 ,142 ,219 ,136 ,126 ,119 ,214 ,188 ,146 ,123 ,195 ,199 ,230 ,141 ,139 ,119 ,226 ,220 ,168 ,198 ,125 ,194 ,144 ,129 ,186 ,157 ,141 ,117 ,171 ,181 ,170 ,128 ,185 ,216 ,196 ,189 ,143 ,208 ,195 ,169 ,167 ,144 ,190 ,148 ,149 ,181 ,156 ,228 ,173 ,172 ,155 ,155 ,202 ,173 ,164 ,144 ,119 ,206 ,217 ,208 ,192 ,185 ,184 ,119 ,171 ,213 ,188 ,162 ,220 ,227 ,205 ,179 ,206 ,210 ,182 ,128 ,228 ,122 ,126 ,225 ,165 ,130
186 ,220 ,182 ,218 ,214 ,120 ,173 ,132 ,155 ,0 ,149 ,120 ,138 ,177 ,208 ,207 ,230 ,195 ,125 ,175 ,208 ,189 ,133 ,204 ,114 ,215 ,126 ,124 ,194 ,221 ,214 ,179 ,202 ,142 ,142 ,142 ,166 ,205 ,147 ,149 ,125 ,215 ,148 ,203 ,230 ,114 ,127 ,125 ,123 ,228 ,219 ,142 ,111 ,161 ,152 ,158 ,224 ,126 ,214 ,220 ,191 ,130 ,134 ,133 ,224 ,218 ,173 ,133 ,136 ,163 ,182 ,216 ,172 ,206 ,121 ,153 ,158 ,171 ,230 ,180 ,185 ,172 ,202 ,210 ,162 ,188 ,150 ,167 ,116 ,132 ,187 ,117 ,227 ,207 ,211 ,165 ,198 ,123 ,195 ,119
127 ,156 ,219 ,220 ,205 ,138 ,114 ,230 ,139 ,149 ,0 ,136 ,220 ,206 ,207 ,218 ,115 ,221 ,194 ,201 ,140 ,158 ,189 ,110 ,119 ,223 ,155 ,180 ,190 ,135 ,187 ,161 ,227 ,183 ,126 ,197 ,153 ,110 ,120 ,197 ,116 ,147 ,158 ,139 ,175 ,171 ,118 ,228 ,194 ,211 ,161 ,194 ,126 ,194 ,147 ,226 ,160 ,131 ,220 ,117 ,173 ,196 ,212 ,156 ,121 ,172 ,147 ,144 ,142 ,136 ,167 ,148 ,207 ,184 ,226 ,183 ,167 ,187 ,194 ,177 ,215 ,201 ,213 ,195 ,160 ,185 ,157 ,226 ,112 ,123 ,211 ,199 ,151 ,156 ,121 ,224 ,118 ,195 ,196 ,146
114 ,157 ,110 ,204 ,173 ,163 ,218 ,195 ,143 ,120 ,136 ,0 ,218 ,127 ,132 ,229 ,165 ,205 ,227 ,125 ,180 ,230 ,195 ,172 ,156 ,189 ,220 ,194 ,139 ,199 ,122 ,220 ,218 ,155 ,218 ,175 ,205 ,153 ,135 ,163 ,173 ,122 ,147 ,209 ,144 ,216 ,197 ,194 ,133 ,217 ,194 ,112 ,135 ,165 ,208 ,218 ,136 ,111 ,172 ,141 ,227 ,166 ,194 ,111 ,225 ,181 ,139 ,112 ,176 ,142 ,172 ,211 ,132 ,206 ,190 ,110 ,191 ,207 ,175 ,127 ,220 ,229 ,134 ,173 ,220 ,185 ,151 ,117 ,135 ,165 ,196 ,155 ,209 ,188 ,173 ,199 ,215 ,218 ,150 ,141
199 ,160 ,149 ,175 ,166 ,227 ,110 ,223 ,211 ,138 ,220 ,218 ,0 ,189 ,138 ,185 ,186 ,124 ,207 ,206 ,166 ,176 ,171 ,195 ,122 ,191 ,198 ,163 ,142 ,129 ,200 ,168 ,177 ,212 ,175 ,177 ,126 ,144 ,171 ,184 ,127 ,119 ,191 ,133 ,196 ,159 ,150 ,165 ,124 ,118 ,229 ,192 ,213 ,228 ,111 ,135 ,157 ,129 ,176 ,172 ,160 ,160 ,186 ,201 ,200 ,181 ,190 ,190 ,136 ,165 ,110 ,175 ,113 ,219 ,222 ,118 ,227 ,198 ,127 ,151 ,143 ,216 ,186 ,117 ,176 ,159 ,115 ,219 ,127 ,229 ,212 ,119 ,186 ,137 ,179 ,185 ,210 ,168 ,118 ,139
205 ,166 ,193 ,211 ,181 ,154 ,110 ,203 ,199 ,177 ,206 ,127 ,189 ,0 ,167 ,205 ,137 ,169 ,183 ,224 ,185 ,174 ,221 ,199 ,144 ,163 ,110 ,130 ,114 ,120 ,127 ,206 ,169 ,174 ,162 ,168 ,190 ,196 ,229 ,130 ,182 ,206 ,219 ,224 ,200 ,157 ,112 ,189 ,200 ,121 ,195 ,184 ,216 ,158 ,153 ,210 ,173 ,142 ,148 ,215 ,181 ,121 ,205 ,224 ,144 ,172 ,173 ,116 ,116 ,210 ,188 ,206 ,130 ,214 ,209 ,133 ,131 ,209 ,138 ,217 ,184 ,143 ,140 ,122 ,229 ,144 ,162 ,213 ,170 ,130 ,218 ,155 ,138 ,185 ,223 ,148 ,157 ,144 ,149 ,206
164 ,195 ,177 ,136 ,201 ,126 ,169 ,138 ,222 ,208 ,207 ,132 ,138 ,167 ,0 ,146 ,146 ,220 ,222 ,194 ,110 ,227 ,144 ,149 ,119 ,175 ,180 ,139 ,172 ,128 ,179 ,134 ,190 ,176 ,171 ,202 ,152 ,226 ,139 ,151 ,205 ,151 ,207 ,165 ,208 ,229 ,130 ,210 ,115 ,124 ,187 ,112 ,135 ,183 ,119 ,126 ,119 ,155 ,153 ,187 ,162 ,141 ,139 ,208 ,212 ,172 ,186 ,223 ,131 ,139 ,206 ,126 ,150 ,141 ,122 ,131 ,212 ,121 ,228 ,133 ,186 ,136 ,127 ,169 ,121 ,181 ,175 ,149 ,161 ,180 ,183 ,127 ,158 ,174 ,220 ,143 ,202 ,145 ,169 ,207
126 ,132 ,117 ,228 ,172 ,230 ,211 ,144 ,168 ,207 ,218 ,229 ,185 ,205 ,146 ,0 ,206 ,189 ,208 ,132 ,122 ,150 ,163 ,224 ,228 ,156 ,164 ,123 ,200 ,135 ,230 ,120 ,224 ,162 ,147 ,126 ,228 ,219 ,134 ,220 ,171 ,201 ,211 ,195 ,217 ,206 ,119 ,128 ,225 ,199 ,136 ,140 ,217 ,224 ,173 ,197 ,205 ,111 ,194 ,118 ,175 ,141 ,225 ,201 ,125 ,112 ,120 ,204 ,141 ,182 ,225 ,141 ,156 ,129 ,225 ,194 ,121 ,180 ,196 ,198 ,117 ,179 ,206 ,207 ,165 ,146 ,172 ,136 ,180 ,116 ,228 ,207 ,115 ,215 ,191 ,153 ,153 ,117 ,158 ,170
116 ,153 ,193 ,161 ,217 ,136 ,198 ,166 ,170 ,230 ,115 ,165 ,186 ,137 ,146 ,206 ,0 ,217 ,140 ,133 ,134 ,113 ,171 ,225 ,203 ,161 ,190 ,162 ,214 ,139 ,226 ,121 ,115 ,225 ,172 ,172 ,200 ,110 ,214 ,190 ,127 ,217 ,159 ,127 ,120 ,183 ,172 ,166 ,221 ,128 ,197 ,115 ,186 ,219 ,191 ,124 ,126 ,157 ,175 ,224 ,128 ,199 ,121 ,130 ,152 ,115 ,146 ,225 ,159 ,167 ,129 ,142 ,137 ,219 ,180 ,192 ,190 ,188 ,175 ,167 ,164 ,158 ,170 ,197 ,182 ,140 ,173 ,194 ,133 ,201 ,132 ,227 ,205 ,128 ,173 ,223 ,150 ,201 ,122 ,182
176 ,120 ,113 ,144 ,167 ,192 ,134 ,194 ,164 ,195 ,221 ,205 ,124 ,169 ,220 ,189 ,217 ,0 ,172 ,205 ,163 ,113 ,218 ,194 ,118 ,191 ,130 ,167 ,221 ,111 ,168 ,213 ,114 ,135 ,189 ,169 ,212 ,154 ,119 ,139 ,132 ,180 ,111 ,138 ,171 ,185 ,193 ,123 ,117 ,192 ,196 ,126 ,157 ,150 ,135 ,227 ,204 ,194 ,155 ,135 ,206 ,178 ,192 ,180 ,170 ,198 ,162 ,199 ,182 ,120 ,202 ,169 ,201 ,228 ,179 ,135 ,170 ,169 ,203 ,167 ,177 ,200 ,221 ,154 ,151 ,208 ,229 ,182 ,198 ,129 ,126 ,111 ,175 ,199 ,169 ,125 ,195 ,200 ,186 ,194
127 ,121 ,159 ,225 ,221 ,141 ,227 ,179 ,167 ,125 ,194 ,227 ,207 ,183 ,222 ,208 ,140 ,172 ,0 ,188 ,179 ,116 ,212 ,228 ,196 ,122 ,122 ,123 ,163 ,110 ,227 ,122 ,114 ,135 ,212 ,143 ,140 ,187 ,140 ,230 ,216 ,185 ,226 ,196 ,201 ,172 ,157 ,136 ,169 ,219 ,222 ,205 ,224 ,169 ,194 ,186 ,223 ,169 ,191 ,209 ,176 ,218 ,164 ,228 ,149 ,162 ,183 ,128 ,214 ,205 ,217 ,203 ,163 ,144 ,204 ,194 ,129 ,110 ,219 ,112 ,133 ,172 ,136 ,136 ,215 ,205 ,208 ,210 ,153 ,192 ,137 ,165 ,228 ,195 ,152 ,219 ,190 ,186 ,128 ,166
205 ,135 ,134 ,181 ,223 ,189 ,172 ,150 ,142 ,175 ,201 ,125 ,206 ,224 ,194 ,132 ,133 ,205 ,188 ,0 ,196 ,183 ,124 ,138 ,171 ,178 ,205 ,201 ,120 ,114 ,152 ,156 ,150 ,154 ,151 ,134 ,136 ,188 ,141 ,135 ,142 ,201 ,204 ,143 ,197 ,116 ,143 ,181 ,196 ,168 ,136 ,155 ,151 ,157 ,204 ,220 ,156 ,230 ,210 ,187 ,180 ,180 ,196 ,122 ,140 ,213 ,111 ,171 ,209 ,112 ,136 ,192 ,126 ,130 ,141 ,155 ,199 ,115 ,120 ,170 ,134 ,153 ,155 ,230 ,139 ,123 ,214 ,219 ,113 ,224 ,127 ,219 ,187 ,141 ,131 ,222 ,171 ,147 ,192 ,129
151 ,189 ,138 ,188 ,121 ,158 ,154 ,149 ,219 ,208 ,140 ,180 ,166 ,185 ,110 ,122 ,134 ,163 ,179 ,196 ,0 ,156 ,186 ,152 ,129 ,137 ,166 ,190 ,210 ,224 ,178 ,155 ,144 ,136 ,199 ,227 ,194 ,197 ,148 ,155 ,224 ,166 ,191 ,139 ,150 ,142 ,211 ,181 ,209 ,191 ,197 ,222 ,165 ,193 ,197 ,120 ,176 ,120 ,179 ,222 ,168 ,212 ,134 ,149 ,151 ,132 ,216 ,175 ,150 ,122 ,205 ,227 ,121 ,129 ,223 ,114 ,191 ,215 ,211 ,127 ,198 ,189 ,220 ,134 ,173 ,169 ,163 ,164 ,166 ,215 ,126 ,139 ,199 ,209 ,168 ,133 ,192 ,229 ,226 ,198
178 ,150 ,212 ,221 ,131 ,143 ,164 ,158 ,136 ,189 ,158 ,230 ,176 ,174 ,227 ,150 ,113 ,113 ,116 ,183 ,156 ,0 ,209 ,173 ,166 ,210 ,217 ,121 ,201 ,137 ,222 ,198 ,134 ,146 ,213 ,166 ,164 ,139 ,173 ,125 ,111 ,147 ,172 ,132 ,113 ,156 ,198 ,229 ,155 ,196 ,149 ,117 ,144 ,179 ,178 ,204 ,115 ,193 ,146 ,134 ,149 ,199 ,125 ,158 ,181 ,156 ,148 ,147 ,222 ,162 ,116 ,163 ,191 ,120 ,157 ,129 ,182 ,207 ,141 ,162 ,180 ,135 ,167 ,148 ,221 ,140 ,163 ,147 ,166 ,125 ,197 ,120 ,110 ,167 ,114 ,192 ,226 ,142 ,133 ,133
147 ,216 ,227 ,159 ,199 ,122 ,146 ,148 ,126 ,133 ,189 ,195 ,171 ,221 ,144 ,163 ,171 ,218 ,212 ,124 ,186 ,209 ,0 ,120 ,172 ,175 ,176 ,187 ,153 ,121 ,197 ,203 ,150 ,160 ,133 ,165 ,139 ,184 ,124 ,115 ,112 ,190 ,112 ,191 ,219 ,143 ,158 ,153 ,168 ,128 ,114 ,169 ,158 ,135 ,207 ,121 ,178 ,149 ,118 ,169 ,136 ,201 ,161 ,163 ,135 ,139 ,194 ,222 ,117 ,214 ,187 ,119 ,166 ,206 ,207 ,135 ,194 ,113 ,142 ,174 ,147 ,147 ,228 ,182 ,189 ,198 ,179 ,203 ,174 ,117 ,194 ,220 ,185 ,209 ,219 ,190 ,115 ,172 ,195 ,204
154 ,219 ,219 ,129 ,141 ,146 ,216 ,125 ,119 ,204 ,110 ,172 ,195 ,199 ,149 ,224 ,225 ,194 ,228 ,138 ,152 ,173 ,120 ,0 ,197 ,151 ,121 ,137 ,112 ,144 ,136 ,186 ,229 ,186 ,110 ,188 ,152 ,114 ,207 ,183 ,111 ,155 ,112 ,199 ,130 ,148 ,133 ,110 ,139 ,201 ,167 ,221 ,178 ,141 ,197 ,112 ,168 ,207 ,151 ,119 ,121 ,207 ,117 ,179 ,114 ,159 ,134 ,115 ,199 ,148 ,119 ,163 ,143 ,209 ,115 ,161 ,144 ,156 ,129 ,140 ,170 ,185 ,117 ,211 ,178 ,177 ,151 ,129 ,224 ,166 ,221 ,160 ,177 ,110 ,229 ,165 ,183 ,180 ,227 ,164
166 ,202 ,224 ,220 ,142 ,200 ,225 ,121 ,214 ,114 ,119 ,156 ,122 ,144 ,119 ,228 ,203 ,118 ,196 ,171 ,129 ,166 ,172 ,197 ,0 ,168 ,188 ,122 ,143 ,146 ,214 ,229 ,191 ,200 ,151 ,110 ,137 ,183 ,206 ,176 ,206 ,117 ,207 ,115 ,211 ,151 ,141 ,190 ,158 ,165 ,224 ,206 ,189 ,138 ,143 ,218 ,129 ,162 ,113 ,129 ,174 ,139 ,190 ,212 ,117 ,132 ,152 ,170 ,124 ,176 ,158 ,138 ,173 ,141 ,132 ,211 ,223 ,221 ,124 ,210 ,203 ,141 ,140 ,230 ,180 ,217 ,211 ,207 ,198 ,221 ,185 ,149 ,134 ,188 ,176 ,198 ,197 ,123 ,216 ,199
216 ,130 ,180 ,176 ,224 ,180 ,198 ,164 ,188 ,215 ,223 ,189 ,191 ,163 ,175 ,156 ,161 ,191 ,122 ,178 ,137 ,210 ,175 ,151 ,168 ,0 ,154 ,129 ,161 ,122 ,124 ,198 ,184 ,125 ,183 ,177 ,220 ,170 ,119 ,146 ,166 ,161 ,221 ,150 ,137 ,175 ,206 ,226 ,216 ,178 ,186 ,123 ,157 ,123 ,120 ,168 ,214 ,227 ,123 ,203 ,168 ,187 ,194 ,176 ,192 ,122 ,229 ,133 ,125 ,229 ,215 ,140 ,153 ,216 ,165 ,174 ,112 ,187 ,185 ,133 ,169 ,179 ,219 ,176 ,111 ,186 ,120 ,178 ,188 ,219 ,156 ,189 ,116 ,179 ,110 ,175 ,119 ,142 ,221 ,177
167 ,203 ,221 ,203 ,191 ,230 ,172 ,215 ,146 ,126 ,155 ,220 ,198 ,110 ,180 ,164 ,190 ,130 ,122 ,205 ,166 ,217 ,176 ,121 ,188 ,154 ,0 ,116 ,222 ,147 ,145 ,199 ,144 ,226 ,139 ,215 ,176 ,197 ,205 ,186 ,141 ,149 ,209 ,192 ,192 ,212 ,212 ,198 ,181 ,119 ,147 ,144 ,127 ,183 ,125 ,230 ,197 ,174 ,120 ,211 ,130 ,162 ,142 ,111 ,125 ,224 ,113 ,172 ,212 ,118 ,216 ,159 ,197 ,140 ,120 ,189 ,128 ,167 ,217 ,141 ,212 ,160 ,209 ,207 ,214 ,162 ,117 ,153 ,147 ,160 ,149 ,202 ,175 ,194 ,177 ,168 ,211 ,124 ,170 ,219
131 ,202 ,164 ,159 ,183 ,183 ,147 ,140 ,123 ,124 ,180 ,194 ,163 ,130 ,139 ,123 ,162 ,167 ,123 ,201 ,190 ,121 ,187 ,137 ,122 ,129 ,116 ,0 ,197 ,197 ,144 ,111 ,214 ,141 ,183 ,154 ,196 ,120 ,184 ,184 ,172 ,163 ,179 ,221 ,134 ,137 ,162 ,160 ,144 ,225 ,196 ,176 ,150 ,147 ,156 ,120 ,214 ,116 ,153 ,181 ,171 ,217 ,151 ,209 ,177 ,120 ,164 ,136 ,208 ,194 ,197 ,192 ,230 ,163 ,151 ,196 ,229 ,159 ,196 ,211 ,146 ,211 ,125 ,172 ,215 ,211 ,226 ,177 ,152 ,125 ,149 ,110 ,141 ,177 ,176 ,136 ,221 ,120 ,145 ,159
111 ,134 ,200 ,146 ,200 ,207 ,227 ,199 ,195 ,194 ,190 ,139 ,142 ,114 ,172 ,200 ,214 ,221 ,163 ,120 ,210 ,201 ,153 ,112 ,143 ,161 ,222 ,197 ,0 ,171 ,132 ,119 ,193 ,156 ,179 ,150 ,225 ,154 ,215 ,137 ,196 ,230 ,191 ,205 ,143 ,215 ,124 ,211 ,149 ,224 ,174 ,191 ,156 ,126 ,225 ,140 ,219 ,140 ,155 ,212 ,222 ,113 ,115 ,116 ,179 ,133 ,141 ,130 ,124 ,133 ,130 ,226 ,211 ,217 ,205 ,165 ,136 ,201 ,130 ,170 ,210 ,215 ,226 ,176 ,143 ,182 ,163 ,220 ,200 ,111 ,128 ,228 ,161 ,175 ,217 ,157 ,168 ,149 ,207 ,181
147 ,186 ,152 ,115 ,208 ,185 ,196 ,198 ,199 ,221 ,135 ,199 ,129 ,120 ,128 ,135 ,139 ,111 ,110 ,114 ,224 ,137 ,121 ,144 ,146 ,122 ,147 ,197 ,171 ,0 ,151 ,121 ,179 ,222 ,187 ,197 ,175 ,201 ,164 ,188 ,180 ,167 ,228 ,115 ,148 ,141 ,119 ,122 ,200 ,223 ,218 ,132 ,225 ,171 ,140 ,118 ,229 ,174 ,214 ,189 ,201 ,189 ,179 ,140 ,151 ,195 ,151 ,112 ,157 ,146 ,182 ,224 ,146 ,173 ,123 ,226 ,165 ,129 ,128 ,143 ,134 ,127 ,164 ,162 ,169 ,111 ,218 ,221 ,228 ,138 ,172 ,125 ,180 ,194 ,149 ,140 ,229 ,196 ,182 ,158
219 ,210 ,201 ,184 ,126 ,160 ,137 ,202 ,230 ,214 ,187 ,122 ,200 ,127 ,179 ,230 ,226 ,168 ,227 ,152 ,178 ,222 ,197 ,136 ,214 ,124 ,145 ,144 ,132 ,151 ,0 ,191 ,150 ,114 ,143 ,143 ,122 ,211 ,207 ,164 ,112 ,180 ,185 ,121 ,158 ,220 ,192 ,160 ,222 ,170 ,198 ,209 ,144 ,110 ,140 ,128 ,115 ,206 ,163 ,161 ,139 ,227 ,150 ,166 ,171 ,157 ,204 ,221 ,115 ,176 ,126 ,141 ,223 ,144 ,226 ,162 ,117 ,160 ,210 ,224 ,158 ,128 ,167 ,195 ,179 ,179 ,210 ,227 ,159 ,222 ,149 ,157 ,217 ,156 ,165 ,202 ,136 ,173 ,183 ,152
162 ,175 ,204 ,154 ,208 ,224 ,203 ,140 ,141 ,179 ,161 ,220 ,168 ,206 ,134 ,120 ,121 ,213 ,122 ,156 ,155 ,198 ,203 ,186 ,229 ,198 ,199 ,111 ,119 ,121 ,191 ,0 ,216 ,157 ,142 ,229 ,190 ,144 ,209 ,165 ,170 ,169 ,123 ,128 ,131 ,152 ,182 ,194 ,174 ,120 ,223 ,126 ,181 ,141 ,117 ,197 ,171 ,153 ,150 ,204 ,184 ,211 ,222 ,117 ,216 ,161 ,195 ,129 ,183 ,122 ,116 ,216 ,127 ,172 ,212 ,123 ,146 ,179 ,223 ,113 ,199 ,228 ,211 ,145 ,158 ,132 ,202 ,200 ,124 ,123 ,127 ,117 ,203 ,229 ,110 ,194 ,176 ,122 ,172 ,170
110 ,172 ,133 ,192 ,193 ,127 ,143 ,134 ,139 ,202 ,227 ,218 ,177 ,169 ,190 ,224 ,115 ,114 ,114 ,150 ,144 ,134 ,150 ,229 ,191 ,184 ,144 ,214 ,193 ,179 ,150 ,216 ,0 ,115 ,182 ,112 ,128 ,167 ,188 ,151 ,192 ,123 ,213 ,117 ,196 ,157 ,201 ,169 ,186 ,124 ,178 ,206 ,115 ,198 ,116 ,139 ,207 ,151 ,157 ,164 ,168 ,125 ,217 ,228 ,133 ,133 ,220 ,139 ,132 ,204 ,117 ,158 ,133 ,210 ,154 ,136 ,133 ,137 ,120 ,139 ,224 ,205 ,125 ,199 ,199 ,213 ,190 ,127 ,140 ,151 ,144 ,139 ,141 ,137 ,167 ,127 ,144 ,200 ,200 ,190
198 ,198 ,178 ,142 ,217 ,122 ,174 ,134 ,119 ,142 ,183 ,155 ,212 ,174 ,176 ,162 ,225 ,135 ,135 ,154 ,136 ,146 ,160 ,186 ,200 ,125 ,226 ,141 ,156 ,222 ,114 ,157 ,115 ,0 ,190 ,174 ,171 ,134 ,186 ,118 ,180 ,216 ,151 ,146 ,143 ,159 ,150 ,165 ,140 ,214 ,165 ,165 ,126 ,145 ,199 ,125 ,202 ,126 ,183 ,121 ,148 ,146 ,159 ,179 ,209 ,156 ,141 ,127 ,139 ,226 ,195 ,168 ,154 ,181 ,161 ,172 ,112 ,172 ,188 ,195 ,197 ,115 ,134 ,147 ,202 ,202 ,191 ,165 ,147 ,167 ,142 ,195 ,226 ,156 ,222 ,152 ,195 ,140 ,193 ,177
213 ,180 ,157 ,113 ,121 ,229 ,204 ,179 ,226 ,142 ,126 ,218 ,175 ,162 ,171 ,147 ,172 ,189 ,212 ,151 ,199 ,213 ,133 ,110 ,151 ,183 ,139 ,183 ,179 ,187 ,143 ,142 ,182 ,190 ,0 ,229 ,193 ,133 ,142 ,128 ,194 ,210 ,221 ,226 ,132 ,215 ,137 ,230 ,230 ,129 ,199 ,209 ,227 ,208 ,193 ,206 ,198 ,173 ,151 ,166 ,158 ,116 ,214 ,218 ,192 ,132 ,230 ,182 ,192 ,171 ,206 ,223 ,180 ,146 ,127 ,152 ,129 ,160 ,123 ,130 ,121 ,217 ,133 ,222 ,150 ,117 ,229 ,154 ,219 ,230 ,201 ,161 ,228 ,130 ,218 ,177 ,189 ,146 ,193 ,191
149 ,206 ,205 ,208 ,134 ,218 ,176 ,149 ,220 ,142 ,197 ,175 ,177 ,168 ,202 ,126 ,172 ,169 ,143 ,134 ,227 ,166 ,165 ,188 ,110 ,177 ,215 ,154 ,150 ,197 ,143 ,229 ,112 ,174 ,229 ,0 ,121 ,190 ,216 ,120 ,159 ,187 ,141 ,194 ,185 ,202 ,160 ,161 ,205 ,154 ,129 ,164 ,127 ,194 ,206 ,161 ,117 ,165 ,141 ,173 ,133 ,229 ,228 ,170 ,148 ,173 ,209 ,171 ,204 ,209 ,115 ,192 ,224 ,223 ,167 ,159 ,161 ,226 ,145 ,189 ,116 ,171 ,185 ,206 ,135 ,176 ,203 ,151 ,208 ,167 ,192 ,166 ,202 ,146 ,161 ,125 ,159 ,111 ,142 ,174
160 ,110 ,157 ,168 ,188 ,157 ,133 ,193 ,168 ,166 ,153 ,205 ,126 ,190 ,152 ,228 ,200 ,212 ,140 ,136 ,194 ,164 ,139 ,152 ,137 ,220 ,176 ,196 ,225 ,175 ,122 ,190 ,128 ,171 ,193 ,121 ,0 ,198 ,127 ,141 ,162 ,176 ,146 ,173 ,126 ,187 ,140 ,186 ,190 ,111 ,141 ,137 ,152 ,140 ,189 ,181 ,126 ,154 ,152 ,127 ,154 ,130 ,195 ,214 ,122 ,133 ,194 ,185 ,117 ,110 ,194 ,125 ,179 ,226 ,122 ,133 ,179 ,152 ,207 ,223 ,166 ,165 ,204 ,173 ,165 ,150 ,206 ,164 ,217 ,113 ,226 ,180 ,189 ,171 ,121 ,140 ,206 ,161 ,154 ,113
191 ,146 ,201 ,114 ,181 ,210 ,168 ,113 ,198 ,205 ,110 ,153 ,144 ,196 ,226 ,219 ,110 ,154 ,187 ,188 ,197 ,139 ,184 ,114 ,183 ,170 ,197 ,120 ,154 ,201 ,211 ,144 ,167 ,134 ,133 ,190 ,198 ,0 ,183 ,130 ,116 ,112 ,110 ,175 ,184 ,175 ,133 ,141 ,142 ,131 ,215 ,128 ,226 ,161 ,169 ,110 ,217 ,230 ,134 ,126 ,196 ,126 ,221 ,197 ,135 ,158 ,110 ,199 ,202 ,218 ,181 ,146 ,163 ,204 ,225 ,123 ,154 ,201 ,159 ,165 ,229 ,227 ,150 ,113 ,182 ,114 ,186 ,203 ,190 ,144 ,212 ,222 ,157 ,111 ,127 ,152 ,134 ,188 ,175 ,146
193 ,141 ,225 ,126 ,222 ,114 ,148 ,208 ,125 ,147 ,120 ,135 ,171 ,229 ,139 ,134 ,214 ,119 ,140 ,141 ,148 ,173 ,124 ,207 ,206 ,119 ,205 ,184 ,215 ,164 ,207 ,209 ,188 ,186 ,142 ,216 ,127 ,183 ,0 ,153 ,184 ,166 ,121 ,228 ,205 ,165 ,204 ,152 ,179 ,163 ,161 ,137 ,152 ,204 ,207 ,187 ,196 ,131 ,141 ,224 ,116 ,126 ,184 ,180 ,214 ,194 ,185 ,220 ,217 ,168 ,162 ,199 ,203 ,180 ,176 ,162 ,142 ,146 ,195 ,216 ,110 ,194 ,186 ,195 ,116 ,164 ,225 ,117 ,118 ,149 ,110 ,221 ,141 ,142 ,120 ,165 ,125 ,153 ,212 ,194
170 ,117 ,196 ,183 ,138 ,200 ,212 ,202 ,194 ,149 ,197 ,163 ,184 ,130 ,151 ,220 ,190 ,139 ,230 ,135 ,155 ,125 ,115 ,183 ,176 ,146 ,186 ,184 ,137 ,188 ,164 ,165 ,151 ,118 ,128 ,120 ,141 ,130 ,153 ,0 ,114 ,173 ,210 ,230 ,120 ,151 ,197 ,124 ,198 ,203 ,168 ,168 ,187 ,181 ,167 ,128 ,170 ,176 ,229 ,216 ,204 ,212 ,137 ,224 ,146 ,216 ,156 ,205 ,155 ,118 ,124 ,135 ,206 ,184 ,202 ,181 ,201 ,162 ,142 ,132 ,183 ,154 ,164 ,192 ,130 ,140 ,201 ,200 ,230 ,144 ,149 ,197 ,163 ,210 ,156 ,159 ,188 ,222 ,112 ,229
201 ,207 ,154 ,154 ,211 ,218 ,131 ,175 ,144 ,125 ,116 ,173 ,127 ,182 ,205 ,171 ,127 ,132 ,216 ,142 ,224 ,111 ,112 ,111 ,206 ,166 ,141 ,172 ,196 ,180 ,112 ,170 ,192 ,180 ,194 ,159 ,162 ,116 ,184 ,114 ,0 ,153 ,222 ,214 ,200 ,120 ,166 ,125 ,220 ,222 ,172 ,191 ,172 ,212 ,213 ,132 ,190 ,159 ,129 ,209 ,179 ,162 ,215 ,161 ,177 ,202 ,220 ,230 ,229 ,153 ,174 ,219 ,128 ,215 ,223 ,201 ,169 ,121 ,145 ,115 ,201 ,171 ,160 ,204 ,200 ,129 ,134 ,183 ,144 ,117 ,220 ,188 ,125 ,114 ,195 ,226 ,129 ,196 ,185 ,143
212 ,188 ,215 ,150 ,197 ,187 ,164 ,143 ,129 ,215 ,147 ,122 ,119 ,206 ,151 ,201 ,217 ,180 ,185 ,201 ,166 ,147 ,190 ,155 ,117 ,161 ,149 ,163 ,230 ,167 ,180 ,169 ,123 ,216 ,210 ,187 ,176 ,112 ,166 ,173 ,153 ,0 ,125 ,140 ,131 ,214 ,184 ,181 ,146 ,224 ,151 ,168 ,177 ,120 ,152 ,110 ,200 ,129 ,179 ,135 ,217 ,137 ,219 ,112 ,150 ,110 ,166 ,210 ,225 ,151 ,152 ,219 ,135 ,143 ,145 ,138 ,169 ,116 ,163 ,203 ,200 ,175 ,142 ,151 ,152 ,157 ,131 ,162 ,158 ,224 ,222 ,164 ,188 ,189 ,136 ,204 ,130 ,177 ,226 ,188
212 ,164 ,188 ,125 ,166 ,141 ,210 ,214 ,186 ,148 ,158 ,147 ,191 ,219 ,207 ,211 ,159 ,111 ,226 ,204 ,191 ,172 ,112 ,112 ,207 ,221 ,209 ,179 ,191 ,228 ,185 ,123 ,213 ,151 ,221 ,141 ,146 ,110 ,121 ,210 ,222 ,125 ,0 ,197 ,133 ,168 ,137 ,178 ,213 ,228 ,125 ,191 ,181 ,129 ,225 ,172 ,183 ,179 ,149 ,142 ,138 ,144 ,126 ,199 ,184 ,224 ,150 ,208 ,140 ,190 ,116 ,210 ,113 ,118 ,135 ,199 ,119 ,130 ,160 ,172 ,173 ,229 ,183 ,197 ,117 ,140 ,174 ,171 ,161 ,224 ,158 ,228 ,124 ,176 ,219 ,156 ,119 ,160 ,185 ,221
128 ,155 ,128 ,141 ,142 ,186 ,120 ,163 ,157 ,203 ,139 ,209 ,133 ,224 ,165 ,195 ,127 ,138 ,196 ,143 ,139 ,132 ,191 ,199 ,115 ,150 ,192 ,221 ,205 ,115 ,121 ,128 ,117 ,146 ,226 ,194 ,173 ,175 ,228 ,230 ,214 ,140 ,197 ,0 ,221 ,182 ,210 ,112 ,207 ,157 ,123 ,197 ,175 ,211 ,157 ,192 ,123 ,138 ,122 ,132 ,196 ,187 ,174 ,224 ,116 ,196 ,152 ,229 ,126 ,155 ,136 ,152 ,143 ,217 ,132 ,175 ,125 ,118 ,186 ,188 ,140 ,207 ,198 ,114 ,116 ,216 ,175 ,175 ,160 ,146 ,147 ,122 ,209 ,176 ,188 ,195 ,128 ,170 ,229 ,131
187 ,198 ,200 ,194 ,125 ,185 ,198 ,148 ,141 ,230 ,175 ,144 ,196 ,200 ,208 ,217 ,120 ,171 ,201 ,197 ,150 ,113 ,219 ,130 ,211 ,137 ,192 ,134 ,143 ,148 ,158 ,131 ,196 ,143 ,132 ,185 ,126 ,184 ,205 ,120 ,200 ,131 ,133 ,221 ,0 ,128 ,114 ,208 ,202 ,206 ,222 ,143 ,176 ,121 ,158 ,180 ,152 ,150 ,120 ,230 ,131 ,220 ,187 ,208 ,212 ,198 ,151 ,157 ,230 ,121 ,161 ,115 ,225 ,143 ,153 ,132 ,124 ,212 ,122 ,204 ,146 ,222 ,115 ,208 ,184 ,153 ,150 ,146 ,223 ,176 ,114 ,144 ,158 ,219 ,163 ,134 ,155 ,179 ,165 ,114
177 ,134 ,164 ,209 ,218 ,142 ,204 ,215 ,117 ,114 ,171 ,216 ,159 ,157 ,229 ,206 ,183 ,185 ,172 ,116 ,142 ,156 ,143 ,148 ,151 ,175 ,212 ,137 ,215 ,141 ,220 ,152 ,157 ,159 ,215 ,202 ,187 ,175 ,165 ,151 ,120 ,214 ,168 ,182 ,128 ,0 ,174 ,140 ,209 ,173 ,177 ,212 ,219 ,122 ,206 ,197 ,175 ,210 ,164 ,126 ,144 ,140 ,189 ,131 ,122 ,114 ,227 ,216 ,185 ,224 ,134 ,194 ,145 ,141 ,179 ,159 ,222 ,143 ,198 ,196 ,160 ,180 ,144 ,151 ,208 ,134 ,128 ,146 ,178 ,174 ,131 ,136 ,171 ,196 ,206 ,201 ,134 ,116 ,202 ,149
207 ,159 ,158 ,225 ,203 ,209 ,215 ,217 ,171 ,127 ,118 ,197 ,150 ,112 ,130 ,119 ,172 ,193 ,157 ,143 ,211 ,198 ,158 ,133 ,141 ,206 ,212 ,162 ,124 ,119 ,192 ,182 ,201 ,150 ,137 ,160 ,140 ,133 ,204 ,197 ,166 ,184 ,137 ,210 ,114 ,174 ,0 ,172 ,166 ,195 ,194 ,198 ,132 ,227 ,151 ,185 ,224 ,224 ,180 ,145 ,129 ,145 ,158 ,152 ,210 ,164 ,187 ,168 ,187 ,207 ,151 ,157 ,167 ,194 ,140 ,151 ,180 ,177 ,173 ,158 ,133 ,191 ,218 ,162 ,137 ,206 ,121 ,139 ,144 ,192 ,201 ,178 ,148 ,219 ,163 ,176 ,219 ,218 ,115 ,201
115 ,193 ,119 ,218 ,224 ,148 ,215 ,212 ,181 ,125 ,228 ,194 ,165 ,189 ,210 ,128 ,166 ,123 ,136 ,181 ,181 ,229 ,153 ,110 ,190 ,226 ,198 ,160 ,211 ,122 ,160 ,194 ,169 ,165 ,230 ,161 ,186 ,141 ,152 ,124 ,125 ,181 ,178 ,112 ,208 ,140 ,172 ,0 ,157 ,150 ,127 ,219 ,194 ,132 ,133 ,193 ,216 ,140 ,122 ,119 ,219 ,122 ,222 ,131 ,211 ,183 ,208 ,170 ,208 ,137 ,217 ,173 ,162 ,184 ,125 ,190 ,112 ,169 ,118 ,120 ,175 ,185 ,216 ,130 ,123 ,140 ,158 ,127 ,204 ,125 ,132 ,186 ,116 ,207 ,212 ,147 ,195 ,182 ,207 ,219
137 ,217 ,200 ,132 ,191 ,159 ,184 ,208 ,170 ,123 ,194 ,133 ,124 ,200 ,115 ,225 ,221 ,117 ,169 ,196 ,209 ,155 ,168 ,139 ,158 ,216 ,181 ,144 ,149 ,200 ,222 ,174 ,186 ,140 ,230 ,205 ,190 ,142 ,179 ,198 ,220 ,146 ,213 ,207 ,202 ,209 ,166 ,157 ,0 ,150 ,164 ,211 ,214 ,150 ,216 ,130 ,123 ,131 ,169 ,124 ,133 ,230 ,112 ,165 ,185 ,182 ,112 ,176 ,230 ,141 ,208 ,189 ,154 ,194 ,203 ,228 ,189 ,226 ,173 ,122 ,153 ,161 ,128 ,145 ,178 ,198 ,124 ,173 ,150 ,139 ,154 ,210 ,137 ,128 ,165 ,150 ,116 ,173 ,194 ,201
156 ,164 ,222 ,158 ,213 ,124 ,204 ,136 ,128 ,228 ,211 ,217 ,118 ,121 ,124 ,199 ,128 ,192 ,219 ,168 ,191 ,196 ,128 ,201 ,165 ,178 ,119 ,225 ,224 ,223 ,170 ,120 ,124 ,214 ,129 ,154 ,111 ,131 ,163 ,203 ,222 ,224 ,228 ,157 ,206 ,173 ,195 ,150 ,150 ,0 ,153 ,217 ,227 ,213 ,158 ,138 ,144 ,147 ,217 ,211 ,223 ,126 ,202 ,217 ,111 ,138 ,215 ,227 ,118 ,114 ,147 ,142 ,199 ,175 ,218 ,207 ,142 ,191 ,152 ,221 ,214 ,191 ,148 ,229 ,168 ,197 ,121 ,198 ,165 ,162 ,147 ,193 ,143 ,143 ,184 ,210 ,172 ,177 ,228 ,219
111 ,149 ,205 ,131 ,145 ,121 ,227 ,140 ,185 ,219 ,161 ,194 ,229 ,195 ,187 ,136 ,197 ,196 ,222 ,136 ,197 ,149 ,114 ,167 ,224 ,186 ,147 ,196 ,174 ,218 ,198 ,223 ,178 ,165 ,199 ,129 ,141 ,215 ,161 ,168 ,172 ,151 ,125 ,123 ,222 ,177 ,194 ,127 ,164 ,153 ,0 ,204 ,110 ,196 ,177 ,113 ,110 ,185 ,145 ,140 ,213 ,158 ,119 ,207 ,203 ,122 ,206 ,197 ,147 ,128 ,125 ,199 ,190 ,190 ,196 ,129 ,142 ,178 ,114 ,118 ,140 ,147 ,168 ,186 ,147 ,159 ,181 ,146 ,145 ,174 ,141 ,127 ,183 ,182 ,196 ,214 ,223 ,161 ,167 ,202
162 ,196 ,199 ,206 ,131 ,129 ,225 ,128 ,216 ,142 ,194 ,112 ,192 ,184 ,112 ,140 ,115 ,126 ,205 ,155 ,222 ,117 ,169 ,221 ,206 ,123 ,144 ,176 ,191 ,132 ,209 ,126 ,206 ,165 ,209 ,164 ,137 ,128 ,137 ,168 ,191 ,168 ,191 ,197 ,143 ,212 ,198 ,219 ,211 ,217 ,204 ,0 ,192 ,126 ,179 ,175 ,132 ,199 ,229 ,121 ,152 ,210 ,192 ,215 ,119 ,185 ,216 ,190 ,218 ,192 ,186 ,175 ,219 ,156 ,179 ,112 ,149 ,225 ,181 ,184 ,120 ,182 ,197 ,168 ,181 ,111 ,112 ,162 ,132 ,110 ,133 ,186 ,112 ,115 ,118 ,155 ,167 ,192 ,168 ,138
193 ,156 ,149 ,213 ,199 ,173 ,154 ,189 ,196 ,111 ,126 ,135 ,213 ,216 ,135 ,217 ,186 ,157 ,224 ,151 ,165 ,144 ,158 ,178 ,189 ,157 ,127 ,150 ,156 ,225 ,144 ,181 ,115 ,126 ,227 ,127 ,152 ,226 ,152 ,187 ,172 ,177 ,181 ,175 ,176 ,219 ,132 ,194 ,214 ,227 ,110 ,192 ,0 ,137 ,211 ,130 ,201 ,148 ,176 ,220 ,114 ,209 ,133 ,181 ,190 ,176 ,214 ,126 ,128 ,156 ,125 ,121 ,162 ,131 ,130 ,112 ,112 ,176 ,219 ,212 ,205 ,138 ,223 ,115 ,142 ,112 ,180 ,220 ,120 ,126 ,207 ,225 ,138 ,116 ,121 ,130 ,148 ,218 ,116 ,183
215 ,190 ,145 ,212 ,226 ,123 ,123 ,119 ,189 ,161 ,194 ,165 ,228 ,158 ,183 ,224 ,219 ,150 ,169 ,157 ,193 ,179 ,135 ,141 ,138 ,123 ,183 ,147 ,126 ,171 ,110 ,141 ,198 ,145 ,208 ,194 ,140 ,161 ,204 ,181 ,212 ,120 ,129 ,211 ,121 ,122 ,227 ,132 ,150 ,213 ,196 ,126 ,137 ,0 ,111 ,114 ,117 ,111 ,114 ,161 ,184 ,162 ,210 ,190 ,130 ,165 ,114 ,138 ,116 ,139 ,144 ,160 ,121 ,191 ,182 ,166 ,206 ,163 ,127 ,183 ,183 ,173 ,120 ,180 ,161 ,144 ,217 ,119 ,225 ,169 ,188 ,158 ,143 ,174 ,212 ,164 ,138 ,227 ,216 ,187
175 ,224 ,138 ,227 ,183 ,211 ,195 ,118 ,143 ,152 ,147 ,208 ,111 ,153 ,119 ,173 ,191 ,135 ,194 ,204 ,197 ,178 ,207 ,197 ,143 ,120 ,125 ,156 ,225 ,140 ,140 ,117 ,116 ,199 ,193 ,206 ,189 ,169 ,207 ,167 ,213 ,152 ,225 ,157 ,158 ,206 ,151 ,133 ,216 ,158 ,177 ,179 ,211 ,111 ,0 ,212 ,156 ,122 ,189 ,196 ,220 ,207 ,195 ,212 ,221 ,223 ,188 ,173 ,207 ,112 ,175 ,119 ,139 ,144 ,183 ,127 ,201 ,176 ,122 ,230 ,187 ,220 ,210 ,177 ,166 ,197 ,203 ,165 ,230 ,213 ,225 ,152 ,176 ,134 ,173 ,186 ,114 ,209 ,133 ,207
134 ,165 ,184 ,123 ,217 ,165 ,150 ,182 ,208 ,158 ,226 ,218 ,135 ,210 ,126 ,197 ,124 ,227 ,186 ,220 ,120 ,204 ,121 ,112 ,218 ,168 ,230 ,120 ,140 ,118 ,128 ,197 ,139 ,125 ,206 ,161 ,181 ,110 ,187 ,128 ,132 ,110 ,172 ,192 ,180 ,197 ,185 ,193 ,130 ,138 ,113 ,175 ,130 ,114 ,212 ,0 ,194 ,185 ,207 ,203 ,126 ,156 ,219 ,179 ,168 ,175 ,230 ,136 ,163 ,127 ,125 ,130 ,194 ,188 ,113 ,167 ,185 ,172 ,122 ,215 ,217 ,133 ,122 ,142 ,155 ,167 ,120 ,131 ,218 ,229 ,213 ,165 ,176 ,174 ,191 ,170 ,181 ,227 ,156 ,149
187 ,182 ,184 ,224 ,121 ,166 ,151 ,193 ,195 ,224 ,160 ,136 ,157 ,173 ,119 ,205 ,126 ,204 ,223 ,156 ,176 ,115 ,178 ,168 ,129 ,214 ,197 ,214 ,219 ,229 ,115 ,171 ,207 ,202 ,198 ,117 ,126 ,217 ,196 ,170 ,190 ,200 ,183 ,123 ,152 ,175 ,224 ,216 ,123 ,144 ,110 ,132 ,201 ,117 ,156 ,194 ,0 ,216 ,143 ,171 ,110 ,131 ,159 ,128 ,122 ,215 ,155 ,158 ,218 ,211 ,150 ,155 ,128 ,200 ,146 ,186 ,113 ,196 ,180 ,172 ,136 ,181 ,116 ,226 ,113 ,156 ,178 ,142 ,188 ,186 ,150 ,170 ,196 ,141 ,195 ,200 ,212 ,188 ,141 ,222
122 ,161 ,145 ,177 ,185 ,160 ,133 ,152 ,169 ,126 ,131 ,111 ,129 ,142 ,155 ,111 ,157 ,194 ,169 ,230 ,120 ,193 ,149 ,207 ,162 ,227 ,174 ,116 ,140 ,174 ,206 ,153 ,151 ,126 ,173 ,165 ,154 ,230 ,131 ,176 ,159 ,129 ,179 ,138 ,150 ,210 ,224 ,140 ,131 ,147 ,185 ,199 ,148 ,111 ,122 ,185 ,216 ,0 ,137 ,161 ,128 ,150 ,142 ,119 ,224 ,159 ,154 ,131 ,155 ,160 ,204 ,128 ,159 ,135 ,205 ,146 ,115 ,184 ,209 ,163 ,137 ,124 ,117 ,147 ,229 ,143 ,142 ,211 ,175 ,116 ,211 ,221 ,213 ,140 ,211 ,213 ,110 ,130 ,175 ,172
170 ,151 ,179 ,210 ,133 ,188 ,112 ,126 ,167 ,214 ,220 ,172 ,176 ,148 ,153 ,194 ,175 ,155 ,191 ,210 ,179 ,146 ,118 ,151 ,113 ,123 ,120 ,153 ,155 ,214 ,163 ,150 ,157 ,183 ,151 ,141 ,152 ,134 ,141 ,229 ,129 ,179 ,149 ,122 ,120 ,164 ,180 ,122 ,169 ,217 ,145 ,229 ,176 ,114 ,189 ,207 ,143 ,137 ,0 ,157 ,120 ,132 ,130 ,187 ,194 ,224 ,168 ,171 ,163 ,155 ,197 ,140 ,144 ,171 ,192 ,152 ,214 ,144 ,173 ,168 ,205 ,168 ,158 ,124 ,200 ,208 ,167 ,226 ,207 ,125 ,224 ,206 ,198 ,139 ,122 ,174 ,140 ,152 ,230 ,228
171 ,145 ,227 ,145 ,216 ,123 ,165 ,224 ,144 ,220 ,117 ,141 ,172 ,215 ,187 ,118 ,224 ,135 ,209 ,187 ,222 ,134 ,169 ,119 ,129 ,203 ,211 ,181 ,212 ,189 ,161 ,204 ,164 ,121 ,166 ,173 ,127 ,126 ,224 ,216 ,209 ,135 ,142 ,132 ,230 ,126 ,145 ,119 ,124 ,211 ,140 ,121 ,220 ,161 ,196 ,203 ,171 ,161 ,157 ,0 ,151 ,193 ,209 ,159 ,137 ,191 ,130 ,228 ,222 ,196 ,119 ,169 ,212 ,135 ,179 ,174 ,118 ,198 ,170 ,229 ,167 ,143 ,185 ,196 ,146 ,142 ,219 ,125 ,162 ,163 ,175 ,134 ,130 ,197 ,188 ,117 ,136 ,211 ,227 ,166
118 ,127 ,130 ,117 ,131 ,160 ,133 ,202 ,190 ,191 ,173 ,227 ,160 ,181 ,162 ,175 ,128 ,206 ,176 ,180 ,168 ,149 ,136 ,121 ,174 ,168 ,130 ,171 ,222 ,201 ,139 ,184 ,168 ,148 ,158 ,133 ,154 ,196 ,116 ,204 ,179 ,217 ,138 ,196 ,131 ,144 ,129 ,219 ,133 ,223 ,213 ,152 ,114 ,184 ,220 ,126 ,110 ,128 ,120 ,151 ,0 ,145 ,178 ,115 ,162 ,213 ,226 ,176 ,229 ,155 ,200 ,140 ,128 ,126 ,120 ,118 ,223 ,134 ,204 ,118 ,229 ,169 ,205 ,227 ,163 ,121 ,141 ,149 ,180 ,114 ,196 ,135 ,209 ,162 ,175 ,176 ,132 ,116 ,147 ,114
111 ,154 ,181 ,153 ,224 ,176 ,114 ,152 ,148 ,130 ,196 ,166 ,160 ,121 ,141 ,141 ,199 ,178 ,218 ,180 ,212 ,199 ,201 ,207 ,139 ,187 ,162 ,217 ,113 ,189 ,227 ,211 ,125 ,146 ,116 ,229 ,130 ,126 ,126 ,212 ,162 ,137 ,144 ,187 ,220 ,140 ,145 ,122 ,230 ,126 ,158 ,210 ,209 ,162 ,207 ,156 ,131 ,150 ,132 ,193 ,145 ,0 ,185 ,209 ,116 ,116 ,119 ,198 ,229 ,196 ,128 ,226 ,207 ,133 ,199 ,169 ,137 ,218 ,154 ,195 ,152 ,170 ,130 ,140 ,140 ,178 ,158 ,210 ,122 ,131 ,159 ,112 ,206 ,140 ,114 ,214 ,158 ,169 ,215 ,157
128 ,175 ,183 ,143 ,138 ,197 ,149 ,171 ,149 ,134 ,212 ,194 ,186 ,205 ,139 ,225 ,121 ,192 ,164 ,196 ,134 ,125 ,161 ,117 ,190 ,194 ,142 ,151 ,115 ,179 ,150 ,222 ,217 ,159 ,214 ,228 ,195 ,221 ,184 ,137 ,215 ,219 ,126 ,174 ,187 ,189 ,158 ,222 ,112 ,202 ,119 ,192 ,133 ,210 ,195 ,219 ,159 ,142 ,130 ,209 ,178 ,185 ,0 ,222 ,156 ,122 ,177 ,124 ,153 ,121 ,159 ,145 ,224 ,175 ,192 ,192 ,188 ,228 ,183 ,126 ,144 ,177 ,220 ,163 ,205 ,149 ,220 ,158 ,168 ,221 ,155 ,114 ,204 ,110 ,144 ,230 ,182 ,221 ,228 ,123
207 ,205 ,159 ,186 ,127 ,121 ,203 ,190 ,181 ,133 ,156 ,111 ,201 ,224 ,208 ,201 ,130 ,180 ,228 ,122 ,149 ,158 ,163 ,179 ,212 ,176 ,111 ,209 ,116 ,140 ,166 ,117 ,228 ,179 ,218 ,170 ,214 ,197 ,180 ,224 ,161 ,112 ,199 ,224 ,208 ,131 ,152 ,131 ,165 ,217 ,207 ,215 ,181 ,190 ,212 ,179 ,128 ,119 ,187 ,159 ,115 ,209 ,222 ,0 ,140 ,132 ,175 ,188 ,168 ,176 ,172 ,162 ,176 ,210 ,124 ,198 ,179 ,131 ,227 ,138 ,209 ,119 ,216 ,169 ,211 ,228 ,141 ,207 ,204 ,190 ,184 ,171 ,118 ,180 ,205 ,129 ,178 ,137 ,110 ,187
123 ,121 ,213 ,215 ,122 ,180 ,229 ,163 ,156 ,224 ,121 ,225 ,200 ,144 ,212 ,125 ,152 ,170 ,149 ,140 ,151 ,181 ,135 ,114 ,117 ,192 ,125 ,177 ,179 ,151 ,171 ,216 ,133 ,209 ,192 ,148 ,122 ,135 ,214 ,146 ,177 ,150 ,184 ,116 ,212 ,122 ,210 ,211 ,185 ,111 ,203 ,119 ,190 ,130 ,221 ,168 ,122 ,224 ,194 ,137 ,162 ,116 ,156 ,140 ,0 ,172 ,157 ,125 ,174 ,183 ,215 ,180 ,130 ,224 ,134 ,200 ,143 ,129 ,228 ,112 ,110 ,151 ,169 ,203 ,183 ,196 ,179 ,161 ,198 ,156 ,222 ,133 ,162 ,147 ,229 ,176 ,193 ,121 ,204 ,203
178 ,228 ,119 ,123 ,110 ,134 ,116 ,132 ,228 ,218 ,172 ,181 ,181 ,172 ,172 ,112 ,115 ,198 ,162 ,213 ,132 ,156 ,139 ,159 ,132 ,122 ,224 ,120 ,133 ,195 ,157 ,161 ,133 ,156 ,132 ,173 ,133 ,158 ,194 ,216 ,202 ,110 ,224 ,196 ,198 ,114 ,164 ,183 ,182 ,138 ,122 ,185 ,176 ,165 ,223 ,175 ,215 ,159 ,224 ,191 ,213 ,116 ,122 ,132 ,172 ,0 ,227 ,173 ,173 ,161 ,191 ,135 ,218 ,151 ,194 ,221 ,114 ,122 ,139 ,197 ,203 ,154 ,156 ,130 ,151 ,206 ,128 ,223 ,128 ,120 ,144 ,169 ,175 ,188 ,166 ,187 ,198 ,177 ,129 ,174
185 ,129 ,156 ,178 ,229 ,225 ,206 ,227 ,173 ,173 ,147 ,139 ,190 ,173 ,186 ,120 ,146 ,162 ,183 ,111 ,216 ,148 ,194 ,134 ,152 ,229 ,113 ,164 ,141 ,151 ,204 ,195 ,220 ,141 ,230 ,209 ,194 ,110 ,185 ,156 ,220 ,166 ,150 ,152 ,151 ,227 ,187 ,208 ,112 ,215 ,206 ,216 ,214 ,114 ,188 ,230 ,155 ,154 ,168 ,130 ,226 ,119 ,177 ,175 ,157 ,227 ,0 ,214 ,118 ,187 ,214 ,122 ,134 ,203 ,141 ,120 ,201 ,129 ,139 ,221 ,172 ,186 ,120 ,147 ,128 ,155 ,142 ,136 ,187 ,150 ,110 ,167 ,152 ,169 ,203 ,152 ,110 ,176 ,175 ,142
204 ,132 ,194 ,229 ,143 ,121 ,187 ,221 ,172 ,133 ,144 ,112 ,190 ,116 ,223 ,204 ,225 ,199 ,128 ,171 ,175 ,147 ,222 ,115 ,170 ,133 ,172 ,136 ,130 ,112 ,221 ,129 ,139 ,127 ,182 ,171 ,185 ,199 ,220 ,205 ,230 ,210 ,208 ,229 ,157 ,216 ,168 ,170 ,176 ,227 ,197 ,190 ,126 ,138 ,173 ,136 ,158 ,131 ,171 ,228 ,176 ,198 ,124 ,188 ,125 ,173 ,214 ,0 ,218 ,166 ,122 ,208 ,166 ,145 ,194 ,136 ,178 ,195 ,127 ,151 ,133 ,112 ,180 ,223 ,164 ,154 ,177 ,165 ,197 ,194 ,163 ,218 ,179 ,170 ,147 ,144 ,222 ,111 ,123 ,155
192 ,176 ,169 ,215 ,158 ,208 ,168 ,111 ,155 ,136 ,142 ,176 ,136 ,116 ,131 ,141 ,159 ,182 ,214 ,209 ,150 ,222 ,117 ,199 ,124 ,125 ,212 ,208 ,124 ,157 ,115 ,183 ,132 ,139 ,192 ,204 ,117 ,202 ,217 ,155 ,229 ,225 ,140 ,126 ,230 ,185 ,187 ,208 ,230 ,118 ,147 ,218 ,128 ,116 ,207 ,163 ,218 ,155 ,163 ,222 ,229 ,229 ,153 ,168 ,174 ,173 ,118 ,218 ,0 ,150 ,150 ,178 ,189 ,143 ,212 ,215 ,135 ,149 ,223 ,189 ,181 ,123 ,180 ,211 ,185 ,156 ,125 ,168 ,177 ,181 ,163 ,147 ,154 ,168 ,172 ,158 ,144 ,203 ,164 ,148
190 ,145 ,153 ,133 ,116 ,209 ,155 ,207 ,155 ,163 ,136 ,142 ,165 ,210 ,139 ,182 ,167 ,120 ,205 ,112 ,122 ,162 ,214 ,148 ,176 ,229 ,118 ,194 ,133 ,146 ,176 ,122 ,204 ,226 ,171 ,209 ,110 ,218 ,168 ,118 ,153 ,151 ,190 ,155 ,121 ,224 ,207 ,137 ,141 ,114 ,128 ,192 ,156 ,139 ,112 ,127 ,211 ,160 ,155 ,196 ,155 ,196 ,121 ,176 ,183 ,161 ,187 ,166 ,150 ,0 ,191 ,121 ,202 ,137 ,134 ,120 ,215 ,197 ,129 ,167 ,211 ,171 ,230 ,154 ,134 ,142 ,176 ,167 ,123 ,138 ,183 ,158 ,166 ,229 ,189 ,168 ,207 ,119 ,168 ,174
160 ,185 ,179 ,204 ,148 ,149 ,124 ,186 ,202 ,182 ,167 ,172 ,110 ,188 ,206 ,225 ,129 ,202 ,217 ,136 ,205 ,116 ,187 ,119 ,158 ,215 ,216 ,197 ,130 ,182 ,126 ,116 ,117 ,195 ,206 ,115 ,194 ,181 ,162 ,124 ,174 ,152 ,116 ,136 ,161 ,134 ,151 ,217 ,208 ,147 ,125 ,186 ,125 ,144 ,175 ,125 ,150 ,204 ,197 ,119 ,200 ,128 ,159 ,172 ,215 ,191 ,214 ,122 ,150 ,191 ,0 ,175 ,130 ,118 ,156 ,166 ,136 ,186 ,211 ,213 ,181 ,197 ,157 ,128 ,124 ,210 ,173 ,116 ,199 ,172 ,195 ,146 ,192 ,208 ,153 ,172 ,190 ,178 ,175 ,197
183 ,146 ,227 ,165 ,227 ,131 ,113 ,131 ,173 ,216 ,148 ,211 ,175 ,206 ,126 ,141 ,142 ,169 ,203 ,192 ,227 ,163 ,119 ,163 ,138 ,140 ,159 ,192 ,226 ,224 ,141 ,216 ,158 ,168 ,223 ,192 ,125 ,146 ,199 ,135 ,219 ,219 ,210 ,152 ,115 ,194 ,157 ,173 ,189 ,142 ,199 ,175 ,121 ,160 ,119 ,130 ,155 ,128 ,140 ,169 ,140 ,226 ,145 ,162 ,180 ,135 ,122 ,208 ,178 ,121 ,175 ,0 ,122 ,159 ,181 ,185 ,143 ,117 ,201 ,199 ,114 ,130 ,143 ,133 ,115 ,144 ,229 ,141 ,229 ,156 ,160 ,160 ,140 ,162 ,225 ,228 ,157 ,110 ,209 ,169
178 ,155 ,130 ,143 ,155 ,215 ,211 ,141 ,164 ,172 ,207 ,132 ,113 ,130 ,150 ,156 ,137 ,201 ,163 ,126 ,121 ,191 ,166 ,143 ,173 ,153 ,197 ,230 ,211 ,146 ,223 ,127 ,133 ,154 ,180 ,224 ,179 ,163 ,203 ,206 ,128 ,135 ,113 ,143 ,225 ,145 ,167 ,162 ,154 ,199 ,190 ,219 ,162 ,121 ,139 ,194 ,128 ,159 ,144 ,212 ,128 ,207 ,224 ,176 ,130 ,218 ,134 ,166 ,189 ,202 ,130 ,122 ,0 ,137 ,158 ,153 ,185 ,117 ,174 ,193 ,205 ,179 ,192 ,210 ,114 ,125 ,215 ,128 ,182 ,132 ,119 ,127 ,163 ,140 ,224 ,117 ,112 ,155 ,182 ,224
181 ,149 ,145 ,150 ,150 ,161 ,178 ,223 ,144 ,206 ,184 ,206 ,219 ,214 ,141 ,129 ,219 ,228 ,144 ,130 ,129 ,120 ,206 ,209 ,141 ,216 ,140 ,163 ,217 ,173 ,144 ,172 ,210 ,181 ,146 ,223 ,226 ,204 ,180 ,184 ,215 ,143 ,118 ,217 ,143 ,141 ,194 ,184 ,194 ,175 ,190 ,156 ,131 ,191 ,144 ,188 ,200 ,135 ,171 ,135 ,126 ,133 ,175 ,210 ,224 ,151 ,203 ,145 ,143 ,137 ,118 ,159 ,137 ,0 ,221 ,116 ,211 ,226 ,120 ,115 ,197 ,138 ,166 ,142 ,149 ,124 ,171 ,221 ,222 ,115 ,184 ,202 ,170 ,121 ,196 ,117 ,142 ,169 ,134 ,210
208 ,201 ,230 ,165 ,153 ,131 ,189 ,183 ,119 ,121 ,226 ,190 ,222 ,209 ,122 ,225 ,180 ,179 ,204 ,141 ,223 ,157 ,207 ,115 ,132 ,165 ,120 ,151 ,205 ,123 ,226 ,212 ,154 ,161 ,127 ,167 ,122 ,225 ,176 ,202 ,223 ,145 ,135 ,132 ,153 ,179 ,140 ,125 ,203 ,218 ,196 ,179 ,130 ,182 ,183 ,113 ,146 ,205 ,192 ,179 ,120 ,199 ,192 ,124 ,134 ,194 ,141 ,194 ,212 ,134 ,156 ,181 ,158 ,221 ,0 ,150 ,111 ,149 ,118 ,193 ,202 ,125 ,200 ,226 ,203 ,139 ,173 ,175 ,139 ,160 ,221 ,228 ,142 ,167 ,177 ,177 ,159 ,119 ,189 ,151
198 ,149 ,118 ,166 ,143 ,205 ,193 ,115 ,206 ,153 ,183 ,110 ,118 ,133 ,131 ,194 ,192 ,135 ,194 ,155 ,114 ,129 ,135 ,161 ,211 ,174 ,189 ,196 ,165 ,226 ,162 ,123 ,136 ,172 ,152 ,159 ,133 ,123 ,162 ,181 ,201 ,138 ,199 ,175 ,132 ,159 ,151 ,190 ,228 ,207 ,129 ,112 ,112 ,166 ,127 ,167 ,186 ,146 ,152 ,174 ,118 ,169 ,192 ,198 ,200 ,221 ,120 ,136 ,215 ,120 ,166 ,185 ,153 ,116 ,150 ,0 ,155 ,204 ,141 ,211 ,187 ,225 ,219 ,178 ,179 ,194 ,150 ,168 ,204 ,191 ,185 ,195 ,202 ,220 ,207 ,212 ,208 ,141 ,197 ,167
139 ,132 ,171 ,188 ,223 ,113 ,125 ,147 ,217 ,158 ,167 ,191 ,227 ,131 ,212 ,121 ,190 ,170 ,129 ,199 ,191 ,182 ,194 ,144 ,223 ,112 ,128 ,229 ,136 ,165 ,117 ,146 ,133 ,112 ,129 ,161 ,179 ,154 ,142 ,201 ,169 ,169 ,119 ,125 ,124 ,222 ,180 ,112 ,189 ,142 ,142 ,149 ,112 ,206 ,201 ,185 ,113 ,115 ,214 ,118 ,223 ,137 ,188 ,179 ,143 ,114 ,201 ,178 ,135 ,215 ,136 ,143 ,185 ,211 ,111 ,155 ,0 ,175 ,218 ,140 ,201 ,219 ,147 ,180 ,119 ,210 ,210 ,159 ,141 ,146 ,167 ,205 ,200 ,205 ,186 ,172 ,201 ,219 ,117 ,170
161 ,188 ,198 ,201 ,226 ,112 ,115 ,127 ,208 ,171 ,187 ,207 ,198 ,209 ,121 ,180 ,188 ,169 ,110 ,115 ,215 ,207 ,113 ,156 ,221 ,187 ,167 ,159 ,201 ,129 ,160 ,179 ,137 ,172 ,160 ,226 ,152 ,201 ,146 ,162 ,121 ,116 ,130 ,118 ,212 ,143 ,177 ,169 ,226 ,191 ,178 ,225 ,176 ,163 ,176 ,172 ,196 ,184 ,144 ,198 ,134 ,218 ,228 ,131 ,129 ,122 ,129 ,195 ,149 ,197 ,186 ,117 ,117 ,226 ,149 ,204 ,175 ,0 ,139 ,190 ,127 ,141 ,207 ,172 ,206 ,131 ,201 ,127 ,164 ,146 ,116 ,157 ,168 ,111 ,158 ,168 ,189 ,194 ,115 ,149
224 ,110 ,194 ,157 ,227 ,158 ,194 ,116 ,192 ,230 ,194 ,175 ,127 ,138 ,228 ,196 ,175 ,203 ,219 ,120 ,211 ,141 ,142 ,129 ,124 ,185 ,217 ,196 ,130 ,128 ,210 ,223 ,120 ,188 ,123 ,145 ,207 ,159 ,195 ,142 ,145 ,163 ,160 ,186 ,122 ,198 ,173 ,118 ,173 ,152 ,114 ,181 ,219 ,127 ,122 ,122 ,180 ,209 ,173 ,170 ,204 ,154 ,183 ,227 ,228 ,139 ,139 ,127 ,223 ,129 ,211 ,201 ,174 ,120 ,118 ,141 ,218 ,139 ,0 ,129 ,178 ,172 ,152 ,167 ,178 ,134 ,207 ,133 ,180 ,160 ,188 ,132 ,204 ,155 ,119 ,164 ,164 ,204 ,197 ,118
166 ,181 ,111 ,196 ,141 ,200 ,148 ,218 ,185 ,180 ,177 ,127 ,151 ,217 ,133 ,198 ,167 ,167 ,112 ,170 ,127 ,162 ,174 ,140 ,210 ,133 ,141 ,211 ,170 ,143 ,224 ,113 ,139 ,195 ,130 ,189 ,223 ,165 ,216 ,132 ,115 ,203 ,172 ,188 ,204 ,196 ,158 ,120 ,122 ,221 ,118 ,184 ,212 ,183 ,230 ,215 ,172 ,163 ,168 ,229 ,118 ,195 ,126 ,138 ,112 ,197 ,221 ,151 ,189 ,167 ,213 ,199 ,193 ,115 ,193 ,211 ,140 ,190 ,129 ,0 ,211 ,212 ,177 ,187 ,138 ,148 ,194 ,129 ,164 ,187 ,157 ,185 ,205 ,126 ,226 ,206 ,146 ,152 ,176 ,220
120 ,113 ,209 ,189 ,113 ,209 ,147 ,205 ,184 ,185 ,215 ,220 ,143 ,184 ,186 ,117 ,164 ,177 ,133 ,134 ,198 ,180 ,147 ,170 ,203 ,169 ,212 ,146 ,210 ,134 ,158 ,199 ,224 ,197 ,121 ,116 ,166 ,229 ,110 ,183 ,201 ,200 ,173 ,140 ,146 ,160 ,133 ,175 ,153 ,214 ,140 ,120 ,205 ,183 ,187 ,217 ,136 ,137 ,205 ,167 ,229 ,152 ,144 ,209 ,110 ,203 ,172 ,133 ,181 ,211 ,181 ,114 ,205 ,197 ,202 ,187 ,201 ,127 ,178 ,211 ,0 ,212 ,171 ,128 ,167 ,224 ,135 ,180 ,125 ,229 ,144 ,164 ,198 ,160 ,133 ,216 ,190 ,143 ,118 ,220
213 ,115 ,166 ,188 ,222 ,226 ,176 ,191 ,119 ,172 ,201 ,229 ,216 ,143 ,136 ,179 ,158 ,200 ,172 ,153 ,189 ,135 ,147 ,185 ,141 ,179 ,160 ,211 ,215 ,127 ,128 ,228 ,205 ,115 ,217 ,171 ,165 ,227 ,194 ,154 ,171 ,175 ,229 ,207 ,222 ,180 ,191 ,185 ,161 ,191 ,147 ,182 ,138 ,173 ,220 ,133 ,181 ,124 ,168 ,143 ,169 ,170 ,177 ,119 ,151 ,154 ,186 ,112 ,123 ,171 ,197 ,130 ,179 ,138 ,125 ,225 ,219 ,141 ,172 ,212 ,212 ,0 ,167 ,199 ,180 ,188 ,112 ,230 ,188 ,125 ,204 ,141 ,134 ,119 ,226 ,120 ,147 ,160 ,168 ,204
212 ,168 ,167 ,129 ,111 ,123 ,226 ,110 ,171 ,202 ,213 ,134 ,186 ,140 ,127 ,206 ,170 ,221 ,136 ,155 ,220 ,167 ,228 ,117 ,140 ,219 ,209 ,125 ,226 ,164 ,167 ,211 ,125 ,134 ,133 ,185 ,204 ,150 ,186 ,164 ,160 ,142 ,183 ,198 ,115 ,144 ,218 ,216 ,128 ,148 ,168 ,197 ,223 ,120 ,210 ,122 ,116 ,117 ,158 ,185 ,205 ,130 ,220 ,216 ,169 ,156 ,120 ,180 ,180 ,230 ,157 ,143 ,192 ,166 ,200 ,219 ,147 ,207 ,152 ,177 ,171 ,167 ,0 ,178 ,139 ,126 ,119 ,165 ,127 ,225 ,139 ,167 ,193 ,114 ,168 ,137 ,146 ,126 ,204 ,117
216 ,163 ,142 ,208 ,169 ,217 ,140 ,118 ,213 ,210 ,195 ,173 ,117 ,122 ,169 ,207 ,197 ,154 ,136 ,230 ,134 ,148 ,182 ,211 ,230 ,176 ,207 ,172 ,176 ,162 ,195 ,145 ,199 ,147 ,222 ,206 ,173 ,113 ,195 ,192 ,204 ,151 ,197 ,114 ,208 ,151 ,162 ,130 ,145 ,229 ,186 ,168 ,115 ,180 ,177 ,142 ,226 ,147 ,124 ,196 ,227 ,140 ,163 ,169 ,203 ,130 ,147 ,223 ,211 ,154 ,128 ,133 ,210 ,142 ,226 ,178 ,180 ,172 ,167 ,187 ,128 ,199 ,178 ,0 ,156 ,127 ,215 ,196 ,167 ,130 ,137 ,223 ,134 ,170 ,199 ,228 ,157 ,212 ,208 ,127
217 ,147 ,204 ,190 ,204 ,137 ,167 ,214 ,188 ,162 ,160 ,220 ,176 ,229 ,121 ,165 ,182 ,151 ,215 ,139 ,173 ,221 ,189 ,178 ,180 ,111 ,214 ,215 ,143 ,169 ,179 ,158 ,199 ,202 ,150 ,135 ,165 ,182 ,116 ,130 ,200 ,152 ,117 ,116 ,184 ,208 ,137 ,123 ,178 ,168 ,147 ,181 ,142 ,161 ,166 ,155 ,113 ,229 ,200 ,146 ,163 ,140 ,205 ,211 ,183 ,151 ,128 ,164 ,185 ,134 ,124 ,115 ,114 ,149 ,203 ,179 ,119 ,206 ,178 ,138 ,167 ,180 ,139 ,156 ,0 ,230 ,142 ,149 ,130 ,176 ,125 ,162 ,172 ,145 ,120 ,128 ,125 ,130 ,190 ,122
128 ,203 ,168 ,178 ,119 ,224 ,144 ,214 ,162 ,188 ,185 ,185 ,159 ,144 ,181 ,146 ,140 ,208 ,205 ,123 ,169 ,140 ,198 ,177 ,217 ,186 ,162 ,211 ,182 ,111 ,179 ,132 ,213 ,202 ,117 ,176 ,150 ,114 ,164 ,140 ,129 ,157 ,140 ,216 ,153 ,134 ,206 ,140 ,198 ,197 ,159 ,111 ,112 ,144 ,197 ,167 ,156 ,143 ,208 ,142 ,121 ,178 ,149 ,228 ,196 ,206 ,155 ,154 ,156 ,142 ,210 ,144 ,125 ,124 ,139 ,194 ,210 ,131 ,134 ,148 ,224 ,188 ,126 ,127 ,230 ,0 ,169 ,173 ,161 ,182 ,159 ,111 ,174 ,176 ,150 ,175 ,226 ,173 ,161 ,123
157 ,180 ,152 ,126 ,160 ,174 ,202 ,124 ,220 ,150 ,157 ,151 ,115 ,162 ,175 ,172 ,173 ,229 ,208 ,214 ,163 ,163 ,179 ,151 ,211 ,120 ,117 ,226 ,163 ,218 ,210 ,202 ,190 ,191 ,229 ,203 ,206 ,186 ,225 ,201 ,134 ,131 ,174 ,175 ,150 ,128 ,121 ,158 ,124 ,121 ,181 ,112 ,180 ,217 ,203 ,120 ,178 ,142 ,167 ,219 ,141 ,158 ,220 ,141 ,179 ,128 ,142 ,177 ,125 ,176 ,173 ,229 ,215 ,171 ,173 ,150 ,210 ,201 ,207 ,194 ,135 ,112 ,119 ,215 ,142 ,169 ,0 ,194 ,162 ,140 ,166 ,204 ,129 ,147 ,149 ,153 ,110 ,228 ,184 ,220
224 ,111 ,168 ,216 ,143 ,149 ,228 ,177 ,227 ,167 ,226 ,117 ,219 ,213 ,149 ,136 ,194 ,182 ,210 ,219 ,164 ,147 ,203 ,129 ,207 ,178 ,153 ,177 ,220 ,221 ,227 ,200 ,127 ,165 ,154 ,151 ,164 ,203 ,117 ,200 ,183 ,162 ,171 ,175 ,146 ,146 ,139 ,127 ,173 ,198 ,146 ,162 ,220 ,119 ,165 ,131 ,142 ,211 ,226 ,125 ,149 ,210 ,158 ,207 ,161 ,223 ,136 ,165 ,168 ,167 ,116 ,141 ,128 ,221 ,175 ,168 ,159 ,127 ,133 ,129 ,180 ,230 ,165 ,196 ,149 ,173 ,194 ,0 ,228 ,215 ,212 ,224 ,168 ,191 ,214 ,148 ,187 ,193 ,184 ,184
176 ,186 ,126 ,222 ,187 ,158 ,166 ,199 ,205 ,116 ,112 ,135 ,127 ,170 ,161 ,180 ,133 ,198 ,153 ,113 ,166 ,166 ,174 ,224 ,198 ,188 ,147 ,152 ,200 ,228 ,159 ,124 ,140 ,147 ,219 ,208 ,217 ,190 ,118 ,230 ,144 ,158 ,161 ,160 ,223 ,178 ,144 ,204 ,150 ,165 ,145 ,132 ,120 ,225 ,230 ,218 ,188 ,175 ,207 ,162 ,180 ,122 ,168 ,204 ,198 ,128 ,187 ,197 ,177 ,123 ,199 ,229 ,182 ,222 ,139 ,204 ,141 ,164 ,180 ,164 ,125 ,188 ,127 ,167 ,130 ,161 ,162 ,228 ,0 ,158 ,137 ,122 ,152 ,180 ,116 ,179 ,219 ,125 ,230 ,129
132 ,168 ,188 ,195 ,206 ,120 ,157 ,151 ,179 ,132 ,123 ,165 ,229 ,130 ,180 ,116 ,201 ,129 ,192 ,224 ,215 ,125 ,117 ,166 ,221 ,219 ,160 ,125 ,111 ,138 ,222 ,123 ,151 ,167 ,230 ,167 ,113 ,144 ,149 ,144 ,117 ,224 ,224 ,146 ,176 ,174 ,192 ,125 ,139 ,162 ,174 ,110 ,126 ,169 ,213 ,229 ,186 ,116 ,125 ,163 ,114 ,131 ,221 ,190 ,156 ,120 ,150 ,194 ,181 ,138 ,172 ,156 ,132 ,115 ,160 ,191 ,146 ,146 ,160 ,187 ,229 ,125 ,225 ,130 ,176 ,182 ,140 ,215 ,158 ,0 ,184 ,163 ,172 ,224 ,196 ,115 ,193 ,151 ,151 ,219
186 ,208 ,121 ,191 ,177 ,160 ,191 ,144 ,206 ,187 ,211 ,196 ,212 ,218 ,183 ,228 ,132 ,126 ,137 ,127 ,126 ,197 ,194 ,221 ,185 ,156 ,149 ,149 ,128 ,172 ,149 ,127 ,144 ,142 ,201 ,192 ,226 ,212 ,110 ,149 ,220 ,222 ,158 ,147 ,114 ,131 ,201 ,132 ,154 ,147 ,141 ,133 ,207 ,188 ,225 ,213 ,150 ,211 ,224 ,175 ,196 ,159 ,155 ,184 ,222 ,144 ,110 ,163 ,163 ,183 ,195 ,160 ,119 ,184 ,221 ,185 ,167 ,116 ,188 ,157 ,144 ,204 ,139 ,137 ,125 ,159 ,166 ,212 ,137 ,184 ,0 ,202 ,122 ,149 ,203 ,158 ,141 ,122 ,133 ,149
146 ,193 ,207 ,155 ,196 ,172 ,114 ,164 ,210 ,117 ,199 ,155 ,119 ,155 ,127 ,207 ,227 ,111 ,165 ,219 ,139 ,120 ,220 ,160 ,149 ,189 ,202 ,110 ,228 ,125 ,157 ,117 ,139 ,195 ,161 ,166 ,180 ,222 ,221 ,197 ,188 ,164 ,228 ,122 ,144 ,136 ,178 ,186 ,210 ,193 ,127 ,186 ,225 ,158 ,152 ,165 ,170 ,221 ,206 ,134 ,135 ,112 ,114 ,171 ,133 ,169 ,167 ,218 ,147 ,158 ,146 ,160 ,127 ,202 ,228 ,195 ,205 ,157 ,132 ,185 ,164 ,141 ,167 ,223 ,162 ,111 ,204 ,224 ,122 ,163 ,202 ,0 ,123 ,156 ,144 ,214 ,195 ,229 ,225 ,183
153 ,138 ,202 ,225 ,209 ,220 ,160 ,139 ,182 ,227 ,151 ,209 ,186 ,138 ,158 ,115 ,205 ,175 ,228 ,187 ,199 ,110 ,185 ,177 ,134 ,116 ,175 ,141 ,161 ,180 ,217 ,203 ,141 ,226 ,228 ,202 ,189 ,157 ,141 ,163 ,125 ,188 ,124 ,209 ,158 ,171 ,148 ,116 ,137 ,143 ,183 ,112 ,138 ,143 ,176 ,176 ,196 ,213 ,198 ,130 ,209 ,206 ,204 ,118 ,162 ,175 ,152 ,179 ,154 ,166 ,192 ,140 ,163 ,170 ,142 ,202 ,200 ,168 ,204 ,205 ,198 ,134 ,193 ,134 ,172 ,174 ,129 ,168 ,152 ,172 ,122 ,123 ,0 ,220 ,166 ,123 ,228 ,207 ,221 ,127
134 ,192 ,190 ,143 ,192 ,117 ,142 ,139 ,128 ,207 ,156 ,188 ,137 ,185 ,174 ,215 ,128 ,199 ,195 ,141 ,209 ,167 ,209 ,110 ,188 ,179 ,194 ,177 ,175 ,194 ,156 ,229 ,137 ,156 ,130 ,146 ,171 ,111 ,142 ,210 ,114 ,189 ,176 ,176 ,219 ,196 ,219 ,207 ,128 ,143 ,182 ,115 ,116 ,174 ,134 ,174 ,141 ,140 ,139 ,197 ,162 ,140 ,110 ,180 ,147 ,188 ,169 ,170 ,168 ,229 ,208 ,162 ,140 ,121 ,167 ,220 ,205 ,111 ,155 ,126 ,160 ,119 ,114 ,170 ,145 ,176 ,147 ,191 ,180 ,224 ,149 ,156 ,220 ,0 ,169 ,141 ,213 ,184 ,224 ,115
212 ,175 ,138 ,166 ,211 ,124 ,224 ,187 ,228 ,211 ,121 ,173 ,179 ,223 ,220 ,191 ,173 ,169 ,152 ,131 ,168 ,114 ,219 ,229 ,176 ,110 ,177 ,176 ,217 ,149 ,165 ,110 ,167 ,222 ,218 ,161 ,121 ,127 ,120 ,156 ,195 ,136 ,219 ,188 ,163 ,206 ,163 ,212 ,165 ,184 ,196 ,118 ,121 ,212 ,173 ,191 ,195 ,211 ,122 ,188 ,175 ,114 ,144 ,205 ,229 ,166 ,203 ,147 ,172 ,189 ,153 ,225 ,224 ,196 ,177 ,207 ,186 ,158 ,119 ,226 ,133 ,226 ,168 ,199 ,120 ,150 ,149 ,214 ,116 ,196 ,203 ,144 ,166 ,169 ,0 ,133 ,158 ,215 ,212 ,220
141 ,175 ,111 ,114 ,183 ,112 ,197 ,194 ,122 ,165 ,224 ,199 ,185 ,148 ,143 ,153 ,223 ,125 ,219 ,222 ,133 ,192 ,190 ,165 ,198 ,175 ,168 ,136 ,157 ,140 ,202 ,194 ,127 ,152 ,177 ,125 ,140 ,152 ,165 ,159 ,226 ,204 ,156 ,195 ,134 ,201 ,176 ,147 ,150 ,210 ,214 ,155 ,130 ,164 ,186 ,170 ,200 ,213 ,174 ,117 ,176 ,214 ,230 ,129 ,176 ,187 ,152 ,144 ,158 ,168 ,172 ,228 ,117 ,117 ,177 ,212 ,172 ,168 ,164 ,206 ,216 ,120 ,137 ,228 ,128 ,175 ,153 ,148 ,179 ,115 ,158 ,214 ,123 ,141 ,133 ,0 ,205 ,174 ,151 ,117
201 ,137 ,156 ,197 ,155 ,227 ,171 ,181 ,126 ,198 ,118 ,215 ,210 ,157 ,202 ,153 ,150 ,195 ,190 ,171 ,192 ,226 ,115 ,183 ,197 ,119 ,211 ,221 ,168 ,229 ,136 ,176 ,144 ,195 ,189 ,159 ,206 ,134 ,125 ,188 ,129 ,130 ,119 ,128 ,155 ,134 ,219 ,195 ,116 ,172 ,223 ,167 ,148 ,138 ,114 ,181 ,212 ,110 ,140 ,136 ,132 ,158 ,182 ,178 ,193 ,198 ,110 ,222 ,144 ,207 ,190 ,157 ,112 ,142 ,159 ,208 ,201 ,189 ,164 ,146 ,190 ,147 ,146 ,157 ,125 ,226 ,110 ,187 ,219 ,193 ,141 ,195 ,228 ,213 ,158 ,205 ,0 ,176 ,175 ,150
213 ,178 ,220 ,169 ,132 ,178 ,200 ,164 ,225 ,123 ,195 ,218 ,168 ,144 ,145 ,117 ,201 ,200 ,186 ,147 ,229 ,142 ,172 ,180 ,123 ,142 ,124 ,120 ,149 ,196 ,173 ,122 ,200 ,140 ,146 ,111 ,161 ,188 ,153 ,222 ,196 ,177 ,160 ,170 ,179 ,116 ,218 ,182 ,173 ,177 ,161 ,192 ,218 ,227 ,209 ,227 ,188 ,130 ,152 ,211 ,116 ,169 ,221 ,137 ,121 ,177 ,176 ,111 ,203 ,119 ,178 ,110 ,155 ,169 ,119 ,141 ,219 ,194 ,204 ,152 ,143 ,160 ,126 ,212 ,130 ,173 ,228 ,193 ,125 ,151 ,122 ,229 ,207 ,184 ,215 ,174 ,176 ,0 ,181 ,179
181 ,141 ,133 ,136 ,229 ,210 ,125 ,126 ,165 ,195 ,196 ,150 ,118 ,149 ,169 ,158 ,122 ,186 ,128 ,192 ,226 ,133 ,195 ,227 ,216 ,221 ,170 ,145 ,207 ,182 ,183 ,172 ,200 ,193 ,193 ,142 ,154 ,175 ,212 ,112 ,185 ,226 ,185 ,229 ,165 ,202 ,115 ,207 ,194 ,228 ,167 ,168 ,116 ,216 ,133 ,156 ,141 ,175 ,230 ,227 ,147 ,215 ,228 ,110 ,204 ,129 ,175 ,123 ,164 ,168 ,175 ,209 ,182 ,134 ,189 ,197 ,117 ,115 ,197 ,176 ,118 ,168 ,204 ,208 ,190 ,161 ,184 ,184 ,230 ,151 ,133 ,225 ,221 ,224 ,212 ,151 ,175 ,181 ,0 ,149
197 ,182 ,155 ,217 ,178 ,186 ,176 ,122 ,130 ,119 ,146 ,141 ,139 ,206 ,207 ,170 ,182 ,194 ,166 ,129 ,198 ,133 ,204 ,164 ,199 ,177 ,219 ,159 ,181 ,158 ,152 ,170 ,190 ,177 ,191 ,174 ,113 ,146 ,194 ,229 ,143 ,188 ,221 ,131 ,114 ,149 ,201 ,219 ,201 ,219 ,202 ,138 ,183 ,187 ,207 ,149 ,222 ,172 ,228 ,166 ,114 ,157 ,123 ,187 ,203 ,174 ,142 ,155 ,148 ,174 ,197 ,169 ,224 ,210 ,151 ,167 ,170 ,149 ,118 ,220 ,220 ,204 ,117 ,127 ,122 ,123 ,220 ,184 ,129 ,219 ,149 ,183 ,127 ,115 ,220 ,117 ,150 ,179 ,149 ,0